P=0
I=0.0099999998
D=0
Vel=40000
Accel=400000
Jerk=4000000
FFVel=0
FFAccel=0
MaxI=200
MaxErr=1000000
MaxOutput=200
DeadBandGain=1
DeadBandRange=0
BacklashAmount=0
BacklashRate=0
InputMode=0
BacklashMode=0
OutputMode=6
InputChan0=0
InputChan1=0
OutputChan0=9
OutputChan1=0
MasterAxis=-1
LimitSwitch=123
LimitSwitchNegBit=168
LimitSwitchPosBit=169
InputGain0=1
InputGain1=1
InputOffset0=0
InputOffset1=0
OutputGain=1
OutputOffset=0
SlaveGain=1
InvDistPerCycle=250
Lead=0
MaxFollowingError=1000000000
SoftLimitPos=1e+09
SoftLimitNeg=-1e+09
StepperAmplitude=20
IIR0=0.000000 0.000000 1.000000 0.000000 0.000000
FilterType0=4
N1Freq0=0
N2Freq0=0
D1Freq0=0
D2Freq0=0
LPFreq0=0
LP2Freq0=0
LP2Q0=0
NotchFreq0=0
NotchDamping0=0
IIR1=0.000000 0.000000 1.000000 0.000000 0.000000
FilterType1=4
N1Freq1=0
N2Freq1=0
D1Freq1=0
D2Freq1=0
LPFreq1=0
LP2Freq1=0
LP2Q1=0
NotchFreq1=0
NotchDamping1=0
IIR2=1.920810 -0.923885 0.000769 0.001538 0.000769
FilterType2=1
N1Freq2=0
N2Freq2=0
D1Freq2=0
D2Freq2=0
LPFreq2=0
LP2Freq2=100
LP2Q2=1.4
NotchFreq2=0
NotchDamping2=0
