P=0.500000
I=0.010000
D=0.000000
Vel=250000.000000
Accel=1000000.000000
Jerk=10000000.000000
FFVel=0.000800
FFAccel=0.000008
MaxI=200.000000
MaxErr=1000000.000000
MaxOutput=230.000000
DeadBandGain=1.000000
DeadBandRange=0.000000
InputMode=1
OutputMode=3
InputChan0=4
InputChan1=4
OutputChan0=8
OutputChan1=9
LimitSwitch=0
InputGain0=1.000000
InputGain1=1.000000
InputOffset0=0.000000
InputOffset1=0.000000
InvDistPerCycle=0.000250
Lead=0.000000
MaxFollowingError=1000000000.000000
StepperAmplitude=20.000000
IIR0=1.587310 -0.629892 82.291298 -160.839005 78.590302
FilterType0=3
N1Freq0=40.000000
N2Freq0=40.000000
D1Freq0=400.000000
D2Freq0=400.000000
LPFreq0=0.000000
NotchFreq0=0.000000
NotchDamping0=0.000000
IIR1=0.000000 0.000000 1.000000 0.000000 0.000000
FilterType1=4
N1Freq1=0.000000
N2Freq1=0.000000
D1Freq1=0.000000
D2Freq1=0.000000
LPFreq1=0.000000
NotchFreq1=0.000000
NotchDamping1=0.000000
IIR2=1.826190 -0.873920 0.011934 0.023867 0.011934
FilterType2=1
N1Freq2=0.000000
N2Freq2=0.000000
D1Freq2=0.000000
D2Freq2=0.000000
LPFreq2=0.000000
NotchFreq2=0.000000
NotchDamping2=0.000000
