P=0.600000
I=0.040000
D=0.000000
Vel=100000.000000
Accel=50000000.000000
Jerk=3000000000.000000
FFVel=0.000700
FFAccel=0.000006
MaxI=200.000000
MaxErr=200.000000
MaxOutput=230.000000
DeadBandGain=1.000000
DeadBandRange=0.000000
InputMode=1
OutputMode=3
InputChan0=4
InputChan1=1
OutputChan0=8
OutputChan1=9
LimitSwitch=0
InputGain0=1.000000
InputGain1=1.000000
InputOffset0=0.000000
InputOffset1=0.000000
InvDistPerCycle=0.000250
Lead=0.000000
MaxFollowingError=1000.000000
StepperAmplitude=100.000000
IIR0=1.088150 -0.296017 381.377991 -744.947998 363.778015
FilterType0=3
N1Freq0=40.000000
N2Freq0=40.000000
D1Freq0=1000.000000
D2Freq0=1000.000000
LPFreq0=0.000000
LP2Freq0=0.000000
LP2Q0=0.000000
NotchFreq0=0.000000
NotchDamping0=0.000000
IIR1=0.000000 0.000000 1.000000 0.000000 0.000000
FilterType1=4
N1Freq1=150.000000
N2Freq1=50.000000
D1Freq1=250.000000
D2Freq1=250.000000
LPFreq1=0.000000
LP2Freq1=0.000000
LP2Q1=0.000000
NotchFreq1=0.000000
NotchDamping1=0.000000
IIR2=1.228040 -0.454462 0.056605 0.113210 0.056605
FilterType2=1
N1Freq2=0.000000
N2Freq2=0.000000
D1Freq2=0.000000
D2Freq2=0.000000
LPFreq2=1000.000000
LP2Freq2=1000.000000
LP2Q2=1.400000
NotchFreq2=0.000000
NotchDamping2=0.000000
