P=4.000000
I=0.030000
D=0.000000
Vel=50000.000000
Accel=2000000.000000
Jerk=40000000.000000
FFVel=0.000000
FFAccel=0.000100
MaxI=100.000000
MaxErr=1000000.000000
MaxOutput=200.000000
DeadBandGain=1.000000
DeadBandRange=0.000000
InputMode=1
OutputMode=2
InputChan0=0
InputChan1=4
OutputChan0=8
OutputChan1=9
LimitSwitch=0
InputGain0=-1.000000
InputGain1=1.000000
InputOffset0=0.000000
InputOffset1=0.000000
InvDistPerCycle=1.000000
Lead=0.000000
MaxFollowingError=1000000000.000000
StepperAmplitude=60.000000
IIR0=1.682610 -0.707791 31.396500 -61.014500 29.643200
FilterType0=3
N1Freq0=50.000000
N2Freq0=50.000000
D1Freq0=300.000000
D2Freq0=300.000000
LPFreq0=0.000000
LP2Freq0=0.000000
LP2Q0=0.000000
NotchFreq0=0.000000
NotchDamping0=0.000000
IIR1=0.000000 0.000000 1.000000 0.000000 0.000000
FilterType1=4
N1Freq1=150.000000
N2Freq1=50.000000
D1Freq1=250.000000
D2Freq1=250.000000
LPFreq1=0.000000
LP2Freq1=0.000000
LP2Q1=0.000000
NotchFreq1=0.000000
NotchDamping1=0.000000
IIR2=1.606790 -0.673229 0.016609 0.033219 0.016609
FilterType2=1
N1Freq2=0.000000
N2Freq2=0.000000
D1Freq2=0.000000
D2Freq2=0.000000
LPFreq2=1000.000000
LP2Freq2=500.000000
LP2Q2=1.400000
NotchFreq2=0.000000
NotchDamping2=0.000000
