P=8
I=0.050000001
D=0
Vel=50000
Accel=500000
Jerk=10000000
FFVel=0
FFAccel=0
MaxI=20000
MaxErr=20000
MaxOutput=20000
DeadBandGain=1
DeadBandRange=0
BacklashAmount=0
BacklashRate=0
InputMode=0
BacklashMode=0
OutputMode=0
InputChan0=0
InputChan1=1
OutputChan0=0
OutputChan1=1
MasterAxis=-1
LimitSwitch=120
LimitSwitchNegBit=0
LimitSwitchPosBit=0
InputGain0=-1
InputGain1=1
InputOffset0=0
InputOffset1=0
OutputGain=1
OutputOffset=0
SlaveGain=1
InvDistPerCycle=1
Lead=0
MaxFollowingError=10000000
SoftLimitPos=1e+30
SoftLimitNeg=-1e+30
StepperAmplitude=250
IIR0=1.627220 -0.661962 10.673400 -20.128901 9.490240
FilterType0=3
N1Freq0=100
N2Freq0=100
D1Freq0=350
D2Freq0=350
LPFreq0=0
LP2Freq0=0
LP2Q0=0
NotchFreq0=0
NotchDamping0=0
IIR1=0.000000 0.000000 1.000000 0.000000 0.000000
FilterType1=4
N1Freq1=0
N2Freq1=0
D1Freq1=0
D2Freq1=0
LPFreq1=0
LP2Freq1=0
LP2Q1=0
NotchFreq1=0
NotchDamping1=0
IIR2=1.606790 -0.673229 0.016609 0.033219 0.016609
FilterType2=1
N1Freq2=0
N2Freq2=0
D1Freq2=0
D2Freq2=0
LPFreq2=0
LP2Freq2=500
LP2Q2=1.4
NotchFreq2=0
NotchDamping2=0
