P=0.250000
I=0.000100
D=0.000000
Vel=100000.000000
Accel=1000000.000000
Jerk=10000000.000000
FFVel=0.000000
FFAccel=0.000000
MaxI=200.000000
MaxErr=1000000.000000
MaxOutput=230.000000
DeadBandGain=1.000000
DeadBandRange=0.000000
InputMode=1
OutputMode=4
InputChan0=3
InputChan1=3
OutputChan0=4
OutputChan1=5
LimitSwitch=0
InputGain0=-1.000000
InputGain1=1.000000
InputOffset0=0.000000
InputOffset1=0.000000
InvDistPerCycle=0.012500
Lead=4.000000
MaxFollowingError=1000000000.000000
StepperAmplitude=20.000000
IIR0=1.944180 -0.944961 6.145780 -12.153200 6.008180
FilterType0=3
N1Freq0=20.000000
N2Freq0=20.000000
D1Freq0=50.000000
D2Freq0=50.000000
LPFreq0=0.000000
LP2Freq0=0.000000
LP2Q0=0.000000
NotchFreq0=0.000000
NotchDamping0=0.000000
IIR1=1.943050 -0.943864 0.018894 -0.029961 0.011877
FilterType1=3
N1Freq1=400.000000
N2Freq1=400.000000
D1Freq1=50.000000
D2Freq1=50.000000
LPFreq1=0.000000
LP2Freq1=0.000000
LP2Q1=0.000000
NotchFreq1=200.000000
NotchDamping1=0.500000
IIR2=0.000000 0.000000 1.000000 0.000000 0.000000
FilterType2=4
N1Freq2=0.000000
N2Freq2=0.000000
D1Freq2=0.000000
D2Freq2=0.000000
LPFreq2=0.000000
LP2Freq2=0.000000
LP2Q2=0.000000
NotchFreq2=0.000000
NotchDamping2=0.000000
