P=0.000000
I=0.010000
D=0.000000
Vel=4000.000000
Accel=400000.000000
Jerk=4000000.000000
FFVel=0.000000
FFAccel=0.000000
MaxI=200.000000
MaxErr=1000000.000000
MaxOutput=200.000000
DeadBandGain=1.000000
DeadBandRange=0.000000
BacklashAmount=0.000000
BacklashRate=0.000000
InputMode=0
BacklashMode=0
OutputMode=6
InputChan0=0
InputChan1=0
OutputChan0=9
OutputChan1=0
MasterAxis=-1
LimitSwitch=0
InputGain0=1.000000
InputGain1=1.000000
InputOffset0=0.000000
InputOffset1=0.000000
OutputGain=1.000000
OutputOffset=0.000000
SlaveGain=1
InvDistPerCycle=1
Lead=0.000000
MaxFollowingError=1000000000
StepperAmplitude=20.000000
IIR0=0.000000 0.000000 1.000000 0.000000 0.000000
FilterType0=4
N1Freq0=0.000000
N2Freq0=0.000000
D1Freq0=0.000000
D2Freq0=0.000000
LPFreq0=0.000000
LP2Freq0=0.000000
LP2Q0=0.000000
NotchFreq0=0.000000
NotchDamping0=0.000000
IIR1=0.000000 0.000000 1.000000 0.000000 0.000000
FilterType1=4
N1Freq1=0.000000
N2Freq1=0.000000
D1Freq1=0.000000
D2Freq1=0.000000
LPFreq1=0.000000
LP2Freq1=0.000000
LP2Q1=0.000000
NotchFreq1=0.000000
NotchDamping1=0.000000
IIR2=1.920760 -0.923833 0.000769 0.001538 0.000769
FilterType2=1
N1Freq2=0.000000
N2Freq2=0.000000
D1Freq2=0.000000
D2Freq2=0.000000
LPFreq2=0.000000
LP2Freq2=100.000000
LP2Q2=1.401000
NotchFreq2=0.000000
NotchDamping2=0.000000
