P=2.500000
I=0.025000
D=0.000000
Vel=10000.000000
Accel=200000.000000
Jerk=2000000.000000
FFVel=0.000000
FFAccel=0.000000
MaxI=230.000000
MaxErr=1000.000000
MaxOutput=230.000000
DeadBandGain=1.000000
DeadBandRange=0.000000
InputMode=4
OutputMode=2
InputChan0=0
InputChan1=0
OutputChan0=0
OutputChan1=1
LimitSwitch=0
InputGain0=1.000000
InputGain1=1.000000
InputOffset0=0.000000
InputOffset1=0.000000
InvDistPerCycle=1.000000
Lead=0.000000
MaxFollowingError=100000.000000
StepperAmplitude=20.000000
IIR0=1.898020 -0.900621 4.920110 -9.614010 4.696510
FilterType0=3
N1Freq0=40.000000
N2Freq0=40.000000
D1Freq0=90.000000
D2Freq0=90.000000
LPFreq0=0.000000
LP2Freq0=0.000000
LP2Q0=0.000000
NotchFreq0=0.000000
NotchDamping0=0.000000
IIR1=0.000000 0.000000 1.000000 0.000000 0.000000
FilterType1=4
N1Freq1=150.000000
N2Freq1=50.000000
D1Freq1=250.000000
D2Freq1=250.000000
LPFreq1=0.000000
LP2Freq1=0.000000
LP2Q1=0.000000
NotchFreq1=120.000000
NotchDamping1=0.070000
IIR2=0.841904 -0.303448 0.115386 0.230772 0.115386
FilterType2=1
N1Freq2=0.000000
N2Freq2=0.000000
D1Freq2=0.000000
D2Freq2=0.000000
LPFreq2=1000.000000
LP2Freq2=1500.000000
LP2Q2=1.400000
NotchFreq2=0.000000
NotchDamping2=0.000000
