P=1.000000
I=0.000000
D=0.000000
Vel=100.000000
Accel=1000.000000
Jerk=10000.000000
FFVel=0.000000
FFAccel=0.000000
MaxI=200.000000
MaxErr=200.000000
MaxOutput=200.000000
DeadBandGain=1.000000
DeadBandRange=0.000000
InputMode=1
OutputMode=1
InputChan0=1
InputChan1=2
OutputChan0=2
OutputChan1=3
LimitSwitch=0
InputGain0=1.000000
InputGain1=1.000000
InputOffset0=0.000000
InputOffset1=0.000000
InvDistPerCycle=1.000000
Lead=0.000000
MaxFollowingError=1000000000.000000
StepperAmplitude=250.000000
IIR0=0.000000 0.000000 1.000000 0.000000 0.000000
FilterType0=4
N1Freq0=0.000000
N2Freq0=0.000000
D1Freq0=0.000000
D2Freq0=0.000000
LPFreq0=0.000000
NotchFreq0=0.000000
NotchDamping0=0.000000
IIR1=0.000000 0.000000 1.000000 0.000000 0.000000
FilterType1=4
N1Freq1=0.000000
N2Freq1=0.000000
D1Freq1=0.000000
D2Freq1=0.000000
LPFreq1=0.000000
NotchFreq1=0.000000
NotchDamping1=0.000000
IIR2=0.000000 0.000000 1.000000 0.000000 0.000000
FilterType2=4
N1Freq2=0.000000
N2Freq2=0.000000
D1Freq2=0.000000
D2Freq2=0.000000
LPFreq2=0.000000
NotchFreq2=0.000000
NotchDamping2=0.000000
