CutoffFreq[0]= 1.000000000000000e+000
CutoffFreq[1]= 1.000000000000000e+002
CutoffFreq[2]= 1.000000000000000e+000
CutoffFreq[3]= 1.000000000000000e+000
CutoffFreq[4]= 1.000000000000000e+000
CutoffFreq[5]= 1.000000000000000e+000
CutoffFreq[6]= 1.000000000000000e+000
CutoffFreq[7]= 1.000000000000000e+000
NSamples[0]=10
NSamples[1]=10
NSamples[2]=10
NSamples[3]=10
NSamples[4]=10
NSamples[5]=10
NSamples[6]=10
NSamples[7]=10
NoiseAmp[0]= 1.000000000000000e+000
NoiseAmp[1]= 1.000000000000000e+002
NoiseAmp[2]= 1.000000000000000e+000
NoiseAmp[3]= 1.000000000000000e+000
NoiseAmp[4]= 1.000000000000000e+000
NoiseAmp[5]= 1.000000000000000e+000
NoiseAmp[6]= 1.000000000000000e+000
NoiseAmp[7]= 1.000000000000000e+000
