CutoffFreq[0]=  1.000000000000000e+00
CutoffFreq[1]=  1.000000000000000e+02
CutoffFreq[2]=  1.000000000000000e+00
CutoffFreq[3]=  1.000000000000000e+00
CutoffFreq[4]=  1.000000000000000e+00
CutoffFreq[5]=  1.000000000000000e+00
CutoffFreq[6]=  1.000000000000000e+00
CutoffFreq[7]=  1.000000000000000e+00
CutoffFreq[8]=  0.000000000000000e+00
CutoffFreq[9]=  0.000000000000000e+00
CutoffFreq[10]=  0.000000000000000e+00
CutoffFreq[11]=  0.000000000000000e+00
CutoffFreq[12]=  0.000000000000000e+00
CutoffFreq[13]=  0.000000000000000e+00
CutoffFreq[14]=  0.000000000000000e+00
CutoffFreq[15]=  0.000000000000000e+00
NSamples[0]=10
NSamples[1]=10
NSamples[2]=10
NSamples[3]=10
NSamples[4]=10
NSamples[5]=10
NSamples[6]=10
NSamples[7]=10
NSamples[8]=0
NSamples[9]=0
NSamples[10]=0
NSamples[11]=0
NSamples[12]=0
NSamples[13]=0
NSamples[14]=0
NSamples[15]=0
NoiseAmp[0]=  1.000000000000000e+00
NoiseAmp[1]=  1.000000000000000e+02
NoiseAmp[2]=  1.000000000000000e+00
NoiseAmp[3]=  1.000000000000000e+00
NoiseAmp[4]=  1.000000000000000e+00
NoiseAmp[5]=  1.000000000000000e+00
NoiseAmp[6]=  1.000000000000000e+00
NoiseAmp[7]=  1.000000000000000e+00
NoiseAmp[8]=  0.000000000000000e+00
NoiseAmp[9]=  0.000000000000000e+00
NoiseAmp[10]=  0.000000000000000e+00
NoiseAmp[11]=  0.000000000000000e+00
NoiseAmp[12]=  0.000000000000000e+00
NoiseAmp[13]=  0.000000000000000e+00
NoiseAmp[14]=  0.000000000000000e+00
NoiseAmp[15]=  0.000000000000000e+00
