m_ToolShapeFile=Tool.wrl
m_BoxX= 5.000000000000000e+000
m_BoxY= 5.000000000000000e+000
m_BoxZ= 3.000000000000000e+000
m_BoxOffsetX= 0.000000000000000e+000
m_BoxOffsetY= 0.000000000000000e+000
m_BoxOffsetZ= 0.000000000000000e+000
m_ToolSize= 1.000000000000000e+000
m_ToolOffX= 0.000000000000000e+000
m_ToolOffY= 0.000000000000000e+000
m_ToolOffZ= 0.000000000000000e+000
m_AxisSize= 2.999999932944775e-002
m_ShowAxis=1
m_ShowBox=1
m_ShowTool=1
m_IncludeA=0
m_IncludeB=0
m_IncludeC=0
